{
  "cameras": [
    {
      "rotation": [
        [
          1.0,
          0.0,
          0.0
        ],
        [
          0.0,
          1.0,
          0.0
        ],
        [
          0.0,
          0.0,
          1.0
        ]
      ],
      "translation": [
        [
          0.0
        ],
        [
          0.0
        ],
        [
          0.0
        ]
      ]
    },
    {
      "rotation": [
        [
          0.3306152000347885,
          -0.3696665925280951,
          0.8683548812983225
        ],
        [
          -0.16923123940073254,
          0.8819614881192196,
          0.43989171518161646
        ],
        [
          -0.9284688347579835,
          -0.2923876602102081,
          0.22903073819894082
        ]
      ],
      "translation": [
        [
          -0.8100965047054959
        ],
        [
          -0.20243931951378055
        ],
        [
          -0.550238107530491
        ]
      ]
    },
    {
      "rotation": [
        [
          0.3633717142653512,
          -0.2618881906403954,
          0.894078057484334
        ],
        [
          -0.021634598021756157,
          0.9570467438105261,
          0.28912536092516444
        ],
        [
          -0.9313930112687646,
          -0.12440299741071152,
          0.3420978701993532
        ]
      ],
      "translation": [
        [
          -0.7041200807988872
        ],
        [
          0.03427517092458557
        ],
        [
          -0.6144121900904871
        ]
      ]
    },
    {
      "rotation": [
        [
          0.3855533604080773,
          -0.18204832171607627,
          0.9045479616020364
        ],
        [
          0.08936180746881611,
          0.9831014743413887,
          0.15976845281122903
        ],
        [
          -0.9183480133609183,
          0.019232776922422576,
          0.39530624412967075
        ]
      ],
      "translation": [
        [
          -0.6258793192898254
        ],
        [
          0.22801804745574067
        ],
        [
          -0.6303990374610678
        ]
      ]
    },
    {
      "rotation": [
        [
          0.31119985163096003,
          -0.04396331305986152,
          0.9493270666370307
        ],
        [
          0.1833245229210934,
          0.9829443876996279,
          -0.014575664154932041
        ],
        [
          -0.9324949177559211,
          0.1785708761097522,
          0.3139517010063388
        ]
      ],
      "translation": [
        [
          -0.6007413939096171
        ],
        [
          0.43939129018965967
        ],
        [
          -0.5722116386130991
        ]
      ]
    },
    {
      "rotation": [
        [
          0.31119985163096003,
          -0.04396331305986152,
          0.9493270666370307
        ],
        [
          0.1833245229210934,
          0.9829443876996279,
          -0.014575664154932041
        ],
        [
          -0.9324949177559211,
          0.1785708761097522,
          0.3139517010063388
        ]
      ],
      "translation": [
        [
          -0.6007413939096171
        ],
        [
          0.43939129018965967
        ],
        [
          -0.5722116386130991
        ]
      ]
    },
    {
      "rotation": [
        [
          0.31119985163096003,
          -0.04396331305986152,
          0.9493270666370307
        ],
        [
          0.1833245229210934,
          0.9829443876996279,
          -0.014575664154932041
        ],
        [
          -0.9324949177559211,
          0.1785708761097522,
          0.3139517010063388
        ]
      ],
      "translation": [
        [
          -0.6007413939096171
        ],
        [
          0.43939129018965967
        ],
        [
          -0.5722116386130991
        ]
      ]
    },
    {
      "rotation": [
        [
          0.31119985163096003,
          -0.04396331305986152,
          0.9493270666370307
        ],
        [
          0.1833245229210934,
          0.9829443876996279,
          -0.014575664154932041
        ],
        [
          -0.9324949177559211,
          0.1785708761097522,
          0.3139517010063388
        ]
      ],
      "translation": [
        [
          -0.6007413939096171
        ],
        [
          0.43939129018965967
        ],
        [
          -0.5722116386130991
        ]
      ]
    },
    {
      "rotation": [
        [
          0.31119985163096003,
          -0.04396331305986152,
          0.9493270666370307
        ],
        [
          0.1833245229210934,
          0.9829443876996279,
          -0.014575664154932041
        ],
        [
          -0.9324949177559211,
          0.1785708761097522,
          0.3139517010063388
        ]
      ],
      "translation": [
        [
          -0.6007413939096171
        ],
        [
          0.43939129018965967
        ],
        [
          -0.5722116386130991
        ]
      ]
    },
    {
      "rotation": [
        [
          0.4958325352411932,
          0.020764299686693966,
          0.8681698801817603
        ],
        [
          0.2559120277483432,
          0.9518267618096328,
          -0.16892261410693354
        ],
        [
          -0.8298548855372379,
          0.30593244247956103,
          0.46663284238088937
        ]
      ],
      "translation": [
        [
          -0.40382150629299135
        ],
        [
          0.6303943321707208
        ],
        [
          -0.5036982597370866
        ]
      ]
    }
  ]
}